 986.   306.   24.0   14.9    93.0     2.6
  975.   407.   21.7   12.7    95.2     3.4
  950.   632.   19.3   11.7    99.3     3.8
  925.   860.   17.3   10.9    99.8     3.7
  900.  1094.   15.3    9.9   100.7     3.7
  850.  1575.   11.7    7.7   105.3     2.6
  800.  2080.    9.0    3.7   140.1     1.9
  750.  2611.    6.1   -3.6    86.9     1.0
  700.  3175.    5.1  -18.7   103.9     2.5
  650.  3777.    3.4  -34.5   102.7     2.1
  600.  4420.   -0.9  -39.1    12.4     0.9
  550.  5107.   -6.5  -34.6   349.9     3.0
  500.  5842.  -12.1  -37.3    12.8     3.4
  450.  6639.  -17.9  -38.3    30.3     4.0
  400.  7508.  -24.7  -42.4    32.3     6.0
  350.  8463.  -32.8  -48.4    30.5     8.3
  300.  9527.  -41.5  -51.6    31.4    10.0
  250. 10743.  -49.0  -56.6    27.4    10.2
  200. 12190.  -52.7  -60.2   338.3     2.3
  150. 14029.  -57.0  -92.7   221.5     3.4
  100. 16558.  -61.3 -273.1   282.5     4.1
   50. 20888.  -57.4 -273.1   222.4     4.2
   20. 26778.  -49.7 -273.1    85.0     1.3
