986.   306.   19.4   15.3    91.8     2.4
  975.   406.   17.8   14.1    94.5     3.5
  950.   627.   16.4   12.6   103.2     5.1
  925.   855.   16.6   10.0   110.2     5.6
  900.  1088.   15.5    9.2   106.0     4.2
  850.  1570.   11.9    8.1    92.0     2.0
  800.  2075.    8.5    4.5    90.3     2.4
  750.  2606.    5.7   -3.3    86.1     4.3
  700.  3170.    5.8  -30.9    92.8     5.9
  650.  3772.    2.9  -34.7    75.4     5.1
  600.  4414.   -1.3  -41.5    58.8     2.1
  550.  5100.   -6.5  -35.5    24.1     1.7
  500.  5835.  -12.7  -34.5     6.0     2.7
  450.  6629.  -18.8  -39.4    13.7     4.6
  400.  7495.  -25.2  -42.0    13.3     6.0
  350.  8450.  -32.6  -48.7    20.6     7.6
  300.  9518.  -40.6  -51.2    27.7     7.5
  250. 10736.  -48.5  -56.7    27.5     5.6
  200. 12186.  -53.6  -57.5   323.1     2.4
  150. 14020.  -57.2  -84.6   293.7     2.6
  100. 16554.  -61.4 -273.1   260.6     2.8
   50. 20882.  -57.5 -273.1   226.4     0.8
   20. 26754.  -49.5 -273.1    36.5     1.3
